10,266
10,32
10,110
10,82
10,132
10,166
10,12
11,13
11,26
11,14
8,6
8,9
12,3
12,2
12,1
11,28
11,25
11,24
11,23
11,21
11,20
11,19
11,18
11,16
11,12
11,10
11,9
11,8
11,7
11,6
11,4
11,3
11,2
11,1
10,283
10,281
20,2
10,275
20,1
20,3
10,273
10,271
10,258
10,250
19,2
19,1
19,3
10,238
10,217
10,212
10,209
10,197
10,195
10,192
10,183
10,179
10,157
10,140
10,139
10,137
10,136
10,125
10,95
10,85
10,70
10,27
18,1
18,3
10,17
10,3
10,2
10,1
9,7
14,1
14,3
9,6
13,1
13,3
9,5
9,4
9,3
9,2
9,1
8,17
8,16
8,15
8,14
8,13
8,12
8,11
8,8
